005049203
005032930
005048632
005048726
005048730
005048751
005048775
005048797
005048805
005048808
005048829
005048831
005048875
005048951
005048956
005049034
005049037
005049039
005049059
005049061
005049158
005049202
005049205
005049206
005049210
005049225
005049238
005049249
005049250
005049271
005049272
005049273
005049274
005049277
005049278
005049279
005049302
005049407
005049412
005049449
005049453
005049454
005049493
005049496
005049497
005049499
005049671
005049673
005049675
005049677
005049678
005049801
005049804
005049809
005049906
005049925
005049943
005050036
005050037
005050063
005050064
005050140
005050141
005050145
005050206
005050212
005050282
005050290
005050297
005050330
005050331
005050333
005050344
005050345
005050349
005050398
005050487
005050500
005050595
005050700
005050740
005050743
005050751
005050828
005050844
005050852
005050854
005050924
005050926
005050927
005050934
005050935
005050940
005050945
005050949
005050953
005051466
005051468
005051469
005051470
005051608
005051614
005051631
005051632
005051834
005051955
005051956
005051957
005051959
005052032
005052060
005052061
005052086
005052090
005052433
005052931
005052959
005053142
118032551
118032578
118032579
118032693
118032749
118032759
118032791
118032816
118032829
118032844
118032846
118033047
118033048
118033057
118033059
118033066